=== PER-MATERIAL BOUNDING BOX ===
  MATLAYER      xmin      ymin      zmin      xmax      ymax      zmax         L         W         T              VOLUME   PERCENT                AREA
   1.   1.    0.0000    0.0000  414.0000  218.7500 5250.0000  664.0000  218.7500 5250.0000  250.0000        287109375.00    0.4506        1148437.5000
   1.   2.  437.5000    0.0000  414.0000  656.2500 5250.0000  664.0000  218.7500 5250.0000  250.0000        287109375.00    0.4506        1148437.5000
   1.   3.  875.0000    0.0000  414.0000 5250.0000 5250.0000  664.0000 4375.0000 5250.0000  250.0000       5742187500.00    9.0129       22968750.0000
   2.   1.    0.0000    0.0000   77.0000 9100.0000 8500.0000  277.0000 9100.0000 8500.0000  200.0000      15470000000.00   24.2815       77350000.0000
   3.   1.    0.0000    0.0000   22.0000 9100.0000 8500.0000   37.0000 9100.0000 8500.0000   15.0000       1160250000.00    1.8211       77350000.0000
   3.   2.    0.0000    0.0000   47.0000 9100.0000 8500.0000   62.0000 9100.0000 8500.0000   15.0000       1160250000.00    1.8211       77350000.0000
   3.   3.    0.0000    0.0000  292.0000 9100.0000 8500.0000  307.0000 9100.0000 8500.0000   15.0000       1160250000.00    1.8211       77350000.0000
   3.   4.    0.0000    0.0000  317.0000 9100.0000 8500.0000  332.0000 9100.0000 8500.0000   15.0000       1160250000.00    1.8211       77350000.0000
   4.   1.    0.0000    0.0000    0.0000 9100.0000 8500.0000   10.0000 9100.0000 8500.0000   10.0000        773500000.00    1.2141       77350000.0000
   4.   2.    0.0000    0.0000  344.0000 9100.0000 8500.0000  354.0000 9100.0000 8500.0000   10.0000        773500000.00    1.2141       77350000.0000
   5.   1.    0.0000    0.0000  724.0000 8750.0000 8150.0000  874.0000 8750.0000 8150.0000  150.0000      10696875000.00   16.7897       71312500.0000
   7.   1.    0.0000    0.0000  354.0000 9100.0000 8500.0000  664.0000 9100.0000 8500.0000  310.0000      17087875000.00   26.8209       55122177.4194
   8.   1.    0.0000    0.0000  664.0000 5250.0000 5250.0000  724.0000 5250.0000 5250.0000   60.0000       1653750000.00    2.5957       27562500.0000
   9.   1.    0.0000    0.0000  332.0000 9100.0000 8500.0000  344.0000 9100.0000 8500.0000   12.0000        928200000.00    1.4569       77350000.0000
  10.   1.    0.0000    0.0000  307.0000 9100.0000 8500.0000  317.0000 9100.0000 8500.0000   10.0000        773500000.00    1.2141       77350000.0000
  11.   1.    0.0000    0.0000  277.0000 9100.0000 8500.0000  292.0000 9100.0000 8500.0000   15.0000       1160250000.00    1.8211       77350000.0000
  12.   1.    0.0000    0.0000   62.0000 9100.0000 8500.0000   77.0000 9100.0000 8500.0000   15.0000       1160250000.00    1.8211       77350000.0000
  13.   1.    0.0000    0.0000   37.0000 9100.0000 8500.0000   47.0000 9100.0000 8500.0000   10.0000        773500000.00    1.2141       77350000.0000
  14.   1.    0.0000    0.0000   10.0000 9100.0000 8500.0000   22.0000 9100.0000 8500.0000   12.0000        928200000.00    1.4569       77350000.0000
  17.   1.  218.7500    0.0000  414.0000  437.5000 5250.0000  664.0000  218.7500 5250.0000  250.0000        287109375.00    0.4506        1148437.5000
  17.   2.  656.2500    0.0000  414.0000  875.0000 5250.0000  664.0000  218.7500 5250.0000  250.0000        287109375.00    0.4506        1148437.5000
 
=== MATERIAL TOTAL VOLUME ===
  MAT              VOLUME   PERCENT
   1.       6316406250.00    9.9141
   2.      15470000000.00   24.2815
   3.       4641000000.00    7.2845
   4.       1547000000.00    2.4282
   5.      10696875000.00   16.7897
   7.      17087875000.00   26.8209
   8.       1653750000.00    2.5957
   9.        928200000.00    1.4569
  10.        773500000.00    1.2141
  11.       1160250000.00    1.8211
  12.       1160250000.00    1.8211
  13.        773500000.00    1.2141
  14.        928200000.00    1.4569
  17.        574218750.00    0.9013
 
=== BELOW z=0 ===
  MATLAYER      xmin      ymin      zmin      xmax      ymax      zmax         L         W         T              VOLUME   PERCENT                AREA
 
=== ABOVE z=0 ===
  MATLAYER      xmin      ymin      zmin      xmax      ymax      zmax         L         W         T              VOLUME   PERCENT                AREA
   1.   1.    0.0000    0.0000  414.0000  218.7500 5250.0000  664.0000  218.7500 5250.0000  250.0000        287109375.00    0.4506        1148437.5000
   1.   2.  437.5000    0.0000  414.0000  656.2500 5250.0000  664.0000  218.7500 5250.0000  250.0000        287109375.00    0.4506        1148437.5000
   1.   3.  875.0000    0.0000  414.0000 5250.0000 5250.0000  664.0000 4375.0000 5250.0000  250.0000       5742187500.00    9.0129       22968750.0000
   2.   1.    0.0000    0.0000   77.0000 9100.0000 8500.0000  277.0000 9100.0000 8500.0000  200.0000      15470000000.00   24.2815       77350000.0000
   3.   1.    0.0000    0.0000   22.0000 9100.0000 8500.0000   37.0000 9100.0000 8500.0000   15.0000       1160250000.00    1.8211       77350000.0000
   3.   2.    0.0000    0.0000   47.0000 9100.0000 8500.0000   62.0000 9100.0000 8500.0000   15.0000       1160250000.00    1.8211       77350000.0000
   3.   3.    0.0000    0.0000  292.0000 9100.0000 8500.0000  307.0000 9100.0000 8500.0000   15.0000       1160250000.00    1.8211       77350000.0000
   3.   4.    0.0000    0.0000  317.0000 9100.0000 8500.0000  332.0000 9100.0000 8500.0000   15.0000       1160250000.00    1.8211       77350000.0000
   4.   1.    0.0000    0.0000    0.0000 9100.0000 8500.0000   10.0000 9100.0000 8500.0000   10.0000        773500000.00    1.2141       77350000.0000
   4.   2.    0.0000    0.0000  344.0000 9100.0000 8500.0000  354.0000 9100.0000 8500.0000   10.0000        773500000.00    1.2141       77350000.0000
   5.   1.    0.0000    0.0000  724.0000 8750.0000 8150.0000  874.0000 8750.0000 8150.0000  150.0000      10696875000.00   16.7897       71312500.0000
   7.   1.    0.0000    0.0000  354.0000 9100.0000 8500.0000  664.0000 9100.0000 8500.0000  310.0000      17087875000.00   26.8209       55122177.4194
   8.   1.    0.0000    0.0000  664.0000 5250.0000 5250.0000  724.0000 5250.0000 5250.0000   60.0000       1653750000.00    2.5957       27562500.0000
   9.   1.    0.0000    0.0000  332.0000 9100.0000 8500.0000  344.0000 9100.0000 8500.0000   12.0000        928200000.00    1.4569       77350000.0000
  10.   1.    0.0000    0.0000  307.0000 9100.0000 8500.0000  317.0000 9100.0000 8500.0000   10.0000        773500000.00    1.2141       77350000.0000
  11.   1.    0.0000    0.0000  277.0000 9100.0000 8500.0000  292.0000 9100.0000 8500.0000   15.0000       1160250000.00    1.8211       77350000.0000
  12.   1.    0.0000    0.0000   62.0000 9100.0000 8500.0000   77.0000 9100.0000 8500.0000   15.0000       1160250000.00    1.8211       77350000.0000
  13.   1.    0.0000    0.0000   37.0000 9100.0000 8500.0000   47.0000 9100.0000 8500.0000   10.0000        773500000.00    1.2141       77350000.0000
  14.   1.    0.0000    0.0000   10.0000 9100.0000 8500.0000   22.0000 9100.0000 8500.0000   12.0000        928200000.00    1.4569       77350000.0000
  17.   1.  218.7500    0.0000  414.0000  437.5000 5250.0000  664.0000  218.7500 5250.0000  250.0000        287109375.00    0.4506        1148437.5000
  17.   2.  656.2500    0.0000  414.0000  875.0000 5250.0000  664.0000  218.7500 5250.0000  250.0000        287109375.00    0.4506        1148437.5000
                   X         Y         Z
  min         0.0000    0.0000    0.0000
  max      9100.0000 8500.0000  874.0000
  L/W/T    9100.0000 8500.0000  874.0000
 
=== OVERALL ===
  total elements       27592.   total nodes       31508.
                   X         Y         Z
  min         0.0000    0.0000    0.0000
  max      9100.0000 8500.0000  874.0000
  L/W/T    9100.0000 8500.0000  874.0000
  Z mid-thickness       437.0000
 
=== MOLD CLEARANCE ===
  MAT   14. top z        22.0000
  MAT    7. top z       664.0000
  clearance         -642.0000
  gap btw chip and sm       354.0000
